vec <- c(1,2,3,4,5,6)
ind <- c(2,4,6)
vec[ind] <- c(4,8,12)
vec